PATHWAY ANALYSIS SUMMARY
============================================================

ANALYSIS 1: Thaw vs No-thaw (1999–2018)
------------------------------------------------------------
                  crop    n  n_pos  n_neg  mean_fc2  mean_lgp  r_fc2  p_fc2  R2_fc2  beta_fc2  r_lgp  p_lgp  R2_lgp  beta_lgp  mean_fc2_pos  mean_fc2_neg  mean_lgp_pos  mean_lgp_neg  n_pf_lost_permafrost  n_pf_agree  n_pf_gained_permafrost  mean_suit_lost_permafrost  mean_suit_agree  mean_suit_gained_permafrost  pf_kruskal_H  pf_kruskal_p  pf_mw_p
               OVERALL 1746    244    125  0.011774  9.075945 0.6277    0.0  0.3342    0.5712 0.3314 0.0000  0.0295    0.0271        0.0465       -0.0182       17.3926       -2.1460                   NaN         NaN                     NaN                        NaN              NaN                          NaN           NaN           NaN      NaN
combined_winter_barley 1746     85     36  0.002291  9.075945 0.4370    0.0  0.3086    0.5641 0.0624 0.0091  0.0005   -0.0597        0.0838       -0.1331        5.2753       -2.4611                  33.0      1713.0                     0.0                     0.0030           0.0067                          NaN        0.0006        0.9801   0.9804
combined_spring_barley 1746     31     12  0.003522  9.075945 0.7222    0.0  0.5081    0.7135 0.1191 0.0000  0.0064   -0.0055        0.1145       -0.0708       12.6032       -7.2708                  33.0      1713.0                     0.0                     0.0000           0.0023                          NaN        0.1657        0.6840   0.6845
 combined_winter_wheat 1746     81     35  0.002278  9.075945 0.4377    0.0  0.3069    0.5627 0.0583 0.0148  0.0004   -0.0603        0.0824       -0.1385        4.7401       -2.8514                  33.0      1713.0                     0.0                     0.0030           0.0065                          NaN        0.0044        0.9472   0.9475
 combined_spring_wheat 1746     28     11  0.003522  9.075945 0.6864    0.0  0.4903    0.7021 0.1184 0.0000  0.0047   -0.0155        0.1179       -0.0727       12.6107       -8.1773                  33.0      1713.0                     0.0                     0.0000           0.0025                          NaN        0.1459        0.7025   0.7030
 combined_silage_maize 1746     42      8  0.005590  9.075945 0.4249    0.0  0.3180    0.5654 0.1540 0.0000  0.0144   -0.0067        0.1007       -0.0686       16.4393       -6.9250                  33.0      1713.0                     0.0                     0.0000           0.0040                          NaN        0.4581        0.4985   0.4989
 combined_white_potato 1746    126     50  0.035426  9.075945 0.4305    0.0  0.2355    0.4759 0.1925 0.0000  0.0206    0.0452        0.2057       -0.0359       18.7373       -0.8480                  33.0      1713.0                     0.0                     0.1530           0.0047                          NaN       47.9457        0.0000   0.0000
          combined_oat 1746    108     40  0.027489  9.075945 0.5073    0.0  0.2701    0.5201 0.0906 0.0001  0.0000   -0.0115        0.1659       -0.0258        7.2477       -2.6325                  33.0      1713.0                     0.0                     0.2697           0.0105                          NaN       56.6810        0.0000   0.0000
      combined_dry_pea 1746     23      8  0.003236  9.075945 0.6555    0.0  0.4389    0.6644 0.1254 0.0000  0.0055   -0.0145        0.1217       -0.0875       14.8870       -8.5875                  33.0      1713.0                     0.0                     0.0000           0.0020                          NaN        0.1423        0.7061   0.7066
  combined_winter_rape 1746     15     42 -0.002122  9.075945 0.5797    0.0  0.2630    0.5107 0.0797 0.0009  0.0065    0.0177        0.0431       -0.0940        6.5900        1.2988                  33.0      1713.0                     0.0                     0.0000          -0.0028                          NaN        0.2545        0.6140   0.6143
  combined_spring_rape 1746    169     83  0.036503  9.075945 0.6653    0.0  0.3798    0.5983 0.3118 0.0000  0.0517    0.0670        0.2059       -0.0717       22.3728       -1.1253                  33.0      1713.0                     0.0                     0.6712           0.0194                          NaN       34.9664        0.0000   0.0000

ANALYSIS 2: P-GAEZ vs FAO (1979–2018)
------------------------------------------------------------
                  crop    n  n_pos  n_neg  mean_fc2  mean_lgp  mean_fc4  r_fc2  p_fc2  R2_fc2  beta_fc2   r_lgp  p_lgp  R2_lgp  beta_lgp  r_fc4  p_fc4  R2_fc4  beta_fc4  mean_fc2_pos  mean_fc2_neg  mean_lgp_pos  mean_lgp_neg  mean_fc4_pos  mean_fc4_neg  n_pf_lost_permafrost  n_pf_agree  n_pf_gained_permafrost  mean_suit_lost_permafrost  mean_suit_agree  mean_suit_gained_permafrost  pf_kruskal_H  pf_kruskal_p  pf_mw_p
               OVERALL 1746    213    222 -0.007619 -3.624857 -0.011273 0.4181    0.0  0.5986    0.4143 -0.1007 0.0000  0.6064    0.4189 0.2165 0.0000  0.0463    0.1281        0.0097       -0.0564       -4.4737      -11.2324       -0.0070       -0.0138                   NaN         NaN                     NaN                        NaN              NaN                          NaN           NaN           NaN      NaN
combined_winter_barley 1746     47    108 -0.018885 -3.624857 -0.024556 0.4456    0.0  0.5255    0.2012  0.2447 0.0000  0.6448    0.6215 0.0822 0.0006  0.0347    0.1061       -0.0079       -0.1959       -4.8271      -26.4287       -0.0077       -0.0244                 131.0      1595.0                    20.0                    -0.0008          -0.0278                       0.0000        1.0835        0.5817   0.3797
combined_spring_barley 1746     17     52  0.000282 -3.624857 -0.024556 0.2232    0.0  0.1221    0.1331  0.1126 0.0000  0.4075    0.5803 0.1488 0.0000  0.0280    0.0848        0.0239       -0.0273       -9.9926      -40.4096        0.0000       -0.0371                 131.0      1595.0                    20.0                     0.0000          -0.0064                       0.0000        1.7480        0.4173   0.2182
 combined_winter_wheat 1746     34    117 -0.024881 -3.624857 -0.024493 0.5148    0.0  0.5190    0.1890  0.2986 0.0000  0.6612    0.6457 0.0419 0.0803  0.0322    0.0999       -0.0237       -0.2232       -3.2426      -25.0214       -0.0081       -0.0229                 131.0      1595.0                    20.0                    -0.0008          -0.0345                       0.0000        2.6296        0.2685   0.1540
 combined_spring_wheat 1746     12     50  0.000154 -3.624857 -0.024493 0.2044    0.0  0.1207    0.1610  0.1322 0.0000  0.3112    0.4898 0.1262 0.0000  0.0221    0.0747        0.0219       -0.0269      -10.3500      -41.5065        0.0000       -0.0353                 131.0      1595.0                    20.0                     0.0000          -0.0050                       0.0000        2.2838        0.3192   0.1592
 combined_silage_maize 1746     39     27  0.004221 -3.624857 -0.002453 0.3228    0.0  0.1286    0.3320 -0.0536 0.0251  0.0331    0.1139 0.1532 0.0000  0.0208    0.1068        0.0453       -0.0298       -5.4564      -28.8324       -0.0007       -0.0037                 131.0      1595.0                    20.0                     0.0000           0.0015                       0.0000        0.2144        0.8983   0.6664
 combined_white_potato 1746    196     91  0.011003 -3.624857 -0.002410 0.5108    0.0  0.4018    0.4509 -0.1312 0.0000  0.3368    0.3476 0.2126 0.0000  0.0435    0.1065        0.1483       -0.2766       -5.5816      -24.3451       -0.0019       -0.0037                 131.0      1595.0                    20.0                     0.0210          -0.0035                      -0.0125       14.5310        0.0007   0.0003
          combined_oat 1746    117    147 -0.023255 -3.624857 -0.002449 0.4019    0.0  0.6924    0.7359  0.0192 0.4231  0.5796    0.0939 0.1720 0.0000  0.0462    0.1299       -0.0093       -0.1894       -5.7697      -17.7352       -0.0012       -0.0030                 131.0      1595.0                    20.0                    -0.0031          -0.0315                      -0.0350        2.7761        0.2496   0.5282
      combined_dry_pea 1746     30     30  0.001840 -3.624857 -0.002436 0.4042    0.0  0.1517    0.3206 -0.0590 0.0136  0.1166    0.2561 0.1165 0.0000  0.0180    0.0682        0.0443       -0.0267      -10.1292      -36.7858       -0.0011       -0.0036                 131.0      1595.0                    20.0                     0.0000          -0.0002                       0.0000        0.0000        1.0000   1.0000
  combined_winter_rape 1746     15     73 -0.006945 -3.624857 -0.002443 0.6751    0.0  0.2038    0.2973  0.2611 0.0000  0.2795    0.4101 0.0119 0.6182  0.0038    0.0368        0.0176       -0.0982       -4.1917      -33.3750       -0.0011       -0.0025                 131.0      1595.0                    20.0                     0.0000          -0.0109                       0.0000        3.8055        0.1492   0.0692
  combined_spring_rape 1746    223    165 -0.019726 -3.624857 -0.002443 0.5340    0.0  0.5004    0.4692 -0.1783 0.0000  0.4499    0.3415 0.1471 0.0000  0.0433    0.1301        0.0442       -0.2146       -5.2776      -13.5932       -0.0020       -0.0029                 131.0      1595.0                    20.0                     0.0824          -0.0265                      -0.1675       23.8202        0.0000   0.0000
